@Author: Arthur Voronin <arthur>
@Date:   07.05.2021
@Filename: 1vii_native_contacts.txt
@Last modified by:   arthur
@Last modified time: 07.05.2021


1 6
1 15
2 6
2 7
2 8
2 10
2 11
2 15
2 33
2 34
2 35
2 36
3 7
3 8
3 15
4 8
4 9
4 14
4 15
5 9
5 10
6 10
6 11
6 36
7 11
7 12
7 13
7 14
7 15
7 16
7 18
8 12
8 13
10 33
10 34
10 35
10 36
11 15
11 18
11 26
11 29
11 30
11 33
11 34
11 35
13 17
13 18
14 18
14 19
15 19
15 20
16 20
17 21
18 25
18 26
18 27
18 28
18 29
18 30
19 26
20 26
21 25
21 26
21 29
22 26
22 27
23 27
23 28
24 28
24 29
25 29
25 30
26 30
26 31
27 31
27 32
28 32
28 33
29 33
29 34
29 35
30 34
30 35
31 35
