#RESi	RESj	ATOMi	ATOMj
1	6	5	79
1	15	5	217
2	6	22	79
2	7	22	91
2	8	22	111
2	10	22	143
2	11	22	159
2	15	22	217
2	33	22	530
2	34	22	552
2	35	22	559
2	36	22	578
3	7	41	91
3	8	41	111
3	15	41	217
4	8	52	111
4	9	52	133
4	14	52	203
4	15	52	217
5	9	64	133
5	10	64	143
6	10	79	143
6	11	79	159
6	36	79	578
7	11	91	159
7	12	91	179
7	13	91	186
7	14	91	203
7	15	91	217
7	16	91	241
7	18	91	262
8	12	111	179
8	13	111	186
10	33	143	530
10	34	143	552
10	35	143	559
10	36	143	578
11	15	159	217
11	18	159	262
11	26	159	404
11	29	159	452
11	30	159	471
11	33	159	530
11	34	159	552
11	35	159	559
13	17	186	252
13	18	186	262
14	18	203	262
14	19	203	282
15	19	217	282
15	20	217	292
16	20	241	292
17	21	252	306
18	25	262	382
18	26	262	404
18	27	262	421
18	28	262	438
18	29	262	452
18	30	262	471
19	26	282	404
20	26	292	404
21	25	306	382
21	26	306	404
21	29	306	452
22	26	333	404
22	27	333	421
23	27	339	421
23	28	339	438
24	28	358	438
24	29	358	452
25	29	382	452
25	30	382	471
26	30	404	471
26	31	404	493
27	31	421	493
27	32	421	515
28	32	438	515
28	33	438	530
29	33	452	530
29	34	452	552
29	35	452	559
30	34	471	552
30	35	471	559
31	35	493	559
