#DCA contacts top70 (1 bond per contact)
#RESi	RESj	ATOMi	ATOMj
37	47	612	739
36	47	596	739
33	47	553	739
37	44	612	704
18	50	296	772
19	51	315	791
39	68	634	1043
34	44	570	704
40	68	656	1043
15	50	238	772
37	43	612	697
66	73	1011	1130
15	53	238	825
40	65	656	992
50	57	772	875
33	44	553	704
40	64	656	973
49	55	762	851
25	69	424	1062
66	72	1011	1119
66	76	1011	1176
15	51	238	791
62	73	953	1130
33	48	553	755
63	73	963	1130
18	51	296	791
22	51	366	791
37	46	612	732
62	76	953	1176
26	36	446	596
40	47	656	739
36	68	596	1043
42	61	680	939
14	57	226	875
21	76	347	1176
18	76	296	1176
21	71	347	1103
15	52	238	811
22	36	366	596
33	51	553	791
57	65	875	992
25	71	424	1103
29	69	497	1062
46	55	732	851
18	62	296	953
15	57	238	875
40	61	656	939
18	65	296	992
31	39	523	634
17	76	272	1176
26	32	446	542
50	56	772	865
22	69	366	1062
26	33	446	553
11	56	175	865
41	64	673	973
21	69	347	1062
18	57	296	875
11	57	175	875
22	33	366	553
12	53	192	825
21	75	347	1161
19	50	315	772
14	50	226	772
14	62	226	953
36	65	596	992
15	55	238	851
42	50	680	772
16	53	248	825
19	52	315	811
